bench_cpu | cpu: AMD Ryzen 7 7730U (8C/16T) | hilos HW: 16 | gcc 15.2.0 | commit 41e31b7
carga                    hilos mediana(s)     min(s)    IQR(s)    CV(%)   Mcaminos/s    ns/paso
W1_gbm_euro_64               1     4.3475     4.2809    0.1183     2.70        0.965     16.196
W1_gbm_euro_64               2     2.7895     2.7025    0.0644     2.09        1.504     10.392
W1_gbm_euro_64               4     1.4786     1.4335    0.0226     1.40        2.837      5.508
W1_gbm_euro_64               8     0.8014     0.7921    0.0060     0.88        5.234      2.985
W1_gbm_euro_64              16     0.5786     0.5190    0.0472     6.50        7.249      2.155
W2_gbm_asian_256             1     4.2876     4.2257    0.1539     2.44        0.245     15.973
W2_gbm_asian_256             2     2.7438     2.6520    0.0303     2.14        0.382     10.222
W2_gbm_asian_256             4     1.4714     1.4312    0.0103     1.11        0.713      5.481
W2_gbm_asian_256             8     0.7968     0.7836    0.0123     1.26        1.316      2.968
W2_gbm_asian_256            16     0.5601     0.5246    0.0147     2.95        1.872      2.086
W3_dupire_euro_256           1     4.8105     4.7236    0.1765     2.96        0.109     35.841
W3_dupire_euro_256           2     3.0860     2.6815    0.1842     7.25        0.170     22.993
W3_dupire_euro_256           4     1.7404     1.6140    0.0489     3.73        0.301     12.967
W3_dupire_euro_256           8     0.9643     0.9490    0.0075     1.28        0.544      7.185
W3_dupire_euro_256          16     0.6873     0.6799    0.0399     5.48        0.763      5.121
W4_heston_euro_128           1     4.7935     4.6178    0.1212     2.57        0.219     17.857
W4_heston_euro_128           2     2.9447     2.8721    0.1128     2.67        0.356     10.970
W4_heston_euro_128           4     1.5265     1.4684    0.0340     2.05        0.687      5.687
W4_heston_euro_128           8     0.8171     0.8060    0.0156     1.14        1.283      3.044
W4_heston_euro_128          16     0.5628     0.5498    0.0352     5.36        1.863      2.096
JSON escrito en docs/perf/baseline-naive-cpu.json
