bench_cpu | cpu: AMD Ryzen 7 7730U (8C/16T) | hilos HW: 16 | gcc 15.2.0 | commit 0dc165d+dirty
carga                    hilos mediana(s)     min(s)    IQR(s)    CV(%)   Mcaminos/s    ns/paso
W1_gbm_euro_64               1     0.8541     0.8265    0.0625     6.04        4.911      3.182
W1_gbm_euro_64               2     0.6895     0.6796    0.0057     2.00        6.084      2.568
W1_gbm_euro_64               4     0.3680     0.3489    0.0114     3.25       11.396      1.371
W1_gbm_euro_64               8     0.2255     0.2232    0.0034     1.31       18.597      0.840
W1_gbm_euro_64              16     0.1563     0.1539    0.0092     6.54       26.828      0.582
W2_gbm_asian_256             1     0.8334     0.7762    0.0689    10.32        1.258      3.105
W2_gbm_asian_256             2     0.4251     0.4062    0.0296     4.92        2.467      1.584
W2_gbm_asian_256             4     0.2592     0.2581    0.0057     2.38        4.045      0.966
W2_gbm_asian_256             8     0.1861     0.1823    0.0019    15.10        5.634      0.693
W2_gbm_asian_256            16     0.1655     0.1573    0.0023     2.39        6.336      0.617
W3_dupire_euro_256           1     2.6592     2.6028    0.1299     3.64        0.197     19.812
W3_dupire_euro_256           2     1.8704     1.8413    0.0097     1.49        0.280     13.936
W3_dupire_euro_256           4     1.0100     1.0030    0.0274     3.03        0.519      7.525
W3_dupire_euro_256           8     0.6528     0.6425    0.0054     1.75        0.803      4.864
W3_dupire_euro_256          16     0.4771     0.4609    0.0237     3.38        1.099      3.555
W1b_gbm_euro_64_boxmuller       1     3.6283     3.5407    0.0816     6.17        1.156     13.516
W1b_gbm_euro_64_boxmuller       2     2.4065     2.2992    0.0492     2.13        1.743      8.965
W1b_gbm_euro_64_boxmuller       4     1.2946     1.2694    0.0220     2.95        3.240      4.823
W1b_gbm_euro_64_boxmuller       8     0.7107     0.6946    0.0231     5.75        5.901      2.648
W1b_gbm_euro_64_boxmuller      16     0.6002     0.5484    0.0610    12.76        6.988      2.236
W4_heston_euro_128           1     0.9781     0.9665    0.0112     1.32        1.072      3.644
W4_heston_euro_128           2     0.5434     0.5302    0.0060     2.16        1.930      2.024
W4_heston_euro_128           4     0.3081     0.3079    0.0133     2.44        3.403      1.148
W4_heston_euro_128           8     0.2008     0.1954    0.0294     7.55        5.221      0.748
W4_heston_euro_128          16     0.1960     0.1901    0.0080     4.11        5.351      0.730
[precompute] bb_precompute N=64 T=1.00000 -> 0.000s
W5_qmc_bb_64                 1     0.4418     0.4073    0.0066     4.63        1.187     13.166
W5_qmc_bb_64                 2     0.2954     0.2934    0.0006     0.82        1.775      8.805
W5_qmc_bb_64                 4     0.1587     0.1439    0.0022     4.66        3.304      4.729
W5_qmc_bb_64                 8     0.0985     0.0948    0.0043     2.75        5.324      2.935
W5_qmc_bb_64                16     0.0661     0.0601    0.0071     7.43        7.932      1.970
[precompute] pca_compute m=256 T=1.00000 -> 0.003s
W6_qmc_pca_256               1     0.2330     0.2076    0.0350    24.01        0.070     55.540
W6_qmc_pca_256               2     0.2069     0.1931    0.0147     5.18        0.079     49.331
W6_qmc_pca_256               4     0.1182     0.1011    0.0054     7.31        0.139     28.174
W6_qmc_pca_256               8     0.0680     0.0671    0.0028     2.63        0.241     16.213
W6_qmc_pca_256              16     0.0700     0.0685    0.0023     2.60        0.234     16.689
W7_mlmc_euro_5e-3            1     0.8982     0.8531    0.0134     3.50       38.518     25.962
W7_mlmc_euro_5e-3            2     0.4636     0.4513    0.0063     1.48       74.635     13.399
W7_mlmc_euro_5e-3            4     0.2939     0.2656    0.0294    18.30      117.739      8.493
W7_mlmc_euro_5e-3            8     0.1917     0.1779    0.0030     5.68      180.490      5.540
W7_mlmc_euro_5e-3           16     0.1557     0.1495    0.0047     6.44      222.260      4.499
W7b_mlmc_euro_5e-3_boxmuller       1     1.5867     1.4820    0.0896     4.41       19.954     50.114
W7b_mlmc_euro_5e-3_boxmuller       2     0.8353     0.8187    0.0169     2.96       37.902     26.384
W7b_mlmc_euro_5e-3_boxmuller       4     0.4707     0.4538    0.1229    15.75       67.265     14.867
W7b_mlmc_euro_5e-3_boxmuller       8     0.3695     0.3535    0.0064     3.33       85.684     11.671
W7b_mlmc_euro_5e-3_boxmuller      16     0.2408     0.2268    0.0057     4.08      131.484      7.606
W8_mlqmc_euro_5e-3           1     0.1077     0.0991    0.0107     9.08        8.311    120.322
W8_mlqmc_euro_5e-3           2     0.0574     0.0558    0.0006     1.36       15.598     64.109
W8_mlqmc_euro_5e-3           4     0.0332     0.0324    0.0004     1.61       26.942     37.117
W8_mlqmc_euro_5e-3           8     0.0225     0.0221    0.0004     3.71       39.858     25.089
W8_mlqmc_euro_5e-3          16     0.0192     0.0191    0.0007     2.17       46.533     21.490
JSON escrito en docs/perf/opt-ziggurat-ac.json
