bench_cpu | cpu: AMD64 Family 25 Model 80 Stepping 0, AuthenticAMD | hilos HW: 16 | gcc 15.2.0 | commit a145ec5+dirty
carga                    hilos mediana(s)     min(s)    IQR(s)    CV(%)   Mcaminos/s    ns/paso
W1_gbm_euro_64               1     0.3356     0.3292    0.0011    10.91       12.497      1.250
W1_gbm_euro_64               2     0.1762     0.1759    0.0002     0.21       23.811      0.656
W1_gbm_euro_64               4     0.1051     0.1035    0.0007     3.40       39.913      0.391
W1_gbm_euro_64               8     0.0661     0.0655    0.0027     2.17       63.437      0.246
W1_gbm_euro_64              16     0.0573     0.0571    0.0010     1.46       73.183      0.214
W2_gbm_asian_256             1     0.3170     0.3162    0.0010     3.08        3.308      1.181
W2_gbm_asian_256             2     0.1650     0.1625    0.0010     1.04        6.354      0.615
W2_gbm_asian_256             4     0.1006     0.0973    0.0007     1.53       10.427      0.375
W2_gbm_asian_256             8     0.0675     0.0666    0.0010     0.97       15.537      0.251
W2_gbm_asian_256            16     0.0597     0.0593    0.0002     0.47       17.551      0.223
W3_dupire_euro_256           1     0.9414     0.9160    0.0310     2.35        0.557      7.014
W3_dupire_euro_256           2     0.4840     0.4731    0.0034     1.30        1.083      3.606
W3_dupire_euro_256           4     0.2778     0.2767    0.0005     0.46        1.887      2.070
W3_dupire_euro_256           8     0.1929     0.1773    0.0151     8.45        2.717      1.438
W3_dupire_euro_256          16     0.1409     0.1402    0.0006     1.06        3.720      1.050
W1b_gbm_euro_64_boxmuller       1     3.5509     3.5242    0.1148     1.92        1.181     13.228
W1b_gbm_euro_64_boxmuller       2     1.9190     1.9173    0.0492     4.83        2.186      7.149
W1b_gbm_euro_64_boxmuller       4     1.0939     1.0906    0.0014     3.08        3.834      4.075
W1b_gbm_euro_64_boxmuller       8     0.7587     0.7058    0.0607     5.18        5.528      2.826
W1b_gbm_euro_64_boxmuller      16     0.5168     0.5138    0.0024     0.55        8.116      1.925
W4_heston_euro_128           1     0.5543     0.5524    0.0028     0.55        1.892      2.065
W4_heston_euro_128           2     0.2830     0.2828    0.0026     0.49        3.705      1.054
W4_heston_euro_128           4     0.1744     0.1742    0.0004     0.68        6.013      0.650
W4_heston_euro_128           8     0.1100     0.1096    0.0008     0.94        9.530      0.410
W4_heston_euro_128          16     0.0957     0.0949    0.0009     0.61       10.951      0.357
[precompute] bb_precompute N=64 T=1.00000 -> 0.000s
W5_qmc_bb_64                 1     0.1927     0.1923    0.0002     0.74        2.720      5.744
W5_qmc_bb_64                 2     0.0967     0.0956    0.0001     0.93        5.419      2.883
W5_qmc_bb_64                 4     0.0569     0.0564    0.0005     1.20        9.221      1.695
W5_qmc_bb_64                 8     0.0390     0.0370    0.0023     3.60       13.444      1.162
W5_qmc_bb_64                16     0.0341     0.0336    0.0005     1.91       15.388      1.015
[precompute] pca_compute m=256 T=1.00000 -> 0.003s
W6_qmc_pca_256               1     0.1317     0.1309    0.0008     0.33        0.124     31.397
W6_qmc_pca_256               2     0.0721     0.0716    0.0005     0.96        0.227     17.184
W6_qmc_pca_256               4     0.0438     0.0429    0.0004     1.16        0.374     10.444
W6_qmc_pca_256               8     0.0424     0.0388    0.0039    10.34        0.387     10.104
W6_qmc_pca_256              16     0.0438     0.0390    0.0007     7.59        0.374     10.431
W7_mlmc_euro_5e-3            1     0.3962     0.3919    0.0018     0.51       80.268     12.458
W7_mlmc_euro_5e-3            2     0.2024     0.2006    0.0018     0.49      157.123      6.364
W7_mlmc_euro_5e-3            4     0.1201     0.1194    0.0003     0.39      264.728      3.777
W7_mlmc_euro_5e-3            8     0.0770     0.0768    0.0006     0.54      413.163      2.420
W7_mlmc_euro_5e-3           16     0.0675     0.0667    0.0005     0.82      471.047      2.123
W7b_mlmc_euro_5e-3_boxmuller       1     1.2230     1.1632    0.0731     4.08       25.889     38.626
W7b_mlmc_euro_5e-3_boxmuller       2     0.6305     0.6240    0.0204     2.27       50.219     19.913
W7b_mlmc_euro_5e-3_boxmuller       4     0.3566     0.3551    0.0014     1.56       88.780     11.264
W7b_mlmc_euro_5e-3_boxmuller       8     0.2302     0.2300    0.0002     0.30      137.550      7.270
W7b_mlmc_euro_5e-3_boxmuller      16     0.1779     0.1758    0.0010     0.95      178.001      5.618
W8_mlqmc_euro_5e-3           1     0.0614     0.0608    0.0009     1.88       14.582     68.576
W8_mlqmc_euro_5e-3           2     0.0343     0.0342    0.0002     0.52       26.139     38.257
W8_mlqmc_euro_5e-3           4     0.0191     0.0187    0.0004     2.46       46.763     21.384
W8_mlqmc_euro_5e-3           8     0.0131     0.0124    0.0004     3.13       68.189     14.665
W8_mlqmc_euro_5e-3          16     0.0116     0.0110    0.0001     2.85       77.411     12.918
JSON escrito en docs/perf/sesion2-cargas.json
